0	899	870	871	29	1	59	30	31	
1	870	871	872	0	2	30	31	32	
2	871	872	873	1	3	31	32	33	
3	872	873	874	2	4	32	33	34	
4	873	874	875	3	5	33	34	35	
5	874	875	876	4	6	34	35	36	
6	875	876	877	5	7	35	36	37	
7	876	877	878	6	8	36	37	38	
8	877	878	879	7	9	37	38	39	
9	878	879	880	8	10	38	39	40	
10	879	880	881	9	11	39	40	41	
11	880	881	882	10	12	40	41	42	
12	881	882	883	11	13	41	42	43	
13	882	883	884	12	14	42	43	44	
14	883	884	885	13	15	43	44	45	
15	884	885	886	14	16	44	45	46	
16	885	886	887	15	17	45	46	47	
17	886	887	888	16	18	46	47	48	
18	887	888	889	17	19	47	48	49	
19	888	889	890	18	20	48	49	50	
20	889	890	891	19	21	49	50	51	
21	890	891	892	20	22	50	51	52	
22	891	892	893	21	23	51	52	53	
23	892	893	894	22	24	52	53	54	
24	893	894	895	23	25	53	54	55	
25	894	895	896	24	26	54	55	56	
26	895	896	897	25	27	55	56	57	
27	896	897	898	26	28	56	57	58	
28	897	898	899	27	29	57	58	59	
29	898	899	870	28	0	58	59	30	
30	29	0	1	59	31	89	60	61	
31	0	1	2	30	32	60	61	62	
32	1	2	3	31	33	61	62	63	
33	2	3	4	32	34	62	63	64	
34	3	4	5	33	35	63	64	65	
35	4	5	6	34	36	64	65	66	
36	5	6	7	35	37	65	66	67	
37	6	7	8	36	38	66	67	68	
38	7	8	9	37	39	67	68	69	
39	8	9	10	38	40	68	69	70	
40	9	10	11	39	41	69	70	71	
41	10	11	12	40	42	70	71	72	
42	11	12	13	41	43	71	72	73	
43	12	13	14	42	44	72	73	74	
44	13	14	15	43	45	73	74	75	
45	14	15	16	44	46	74	75	76	
46	15	16	17	45	47	75	76	77	
47	16	17	18	46	48	76	77	78	
48	17	18	19	47	49	77	78	79	
49	18	19	20	48	50	78	79	80	
50	19	20	21	49	51	79	80	81	
51	20	21	22	50	52	80	81	82	
52	21	22	23	51	53	81	82	83	
53	22	23	24	52	54	82	83	84	
54	23	24	25	53	55	83	84	85	
55	24	25	26	54	56	84	85	86	
56	25	26	27	55	57	85	86	87	
57	26	27	28	56	58	86	87	88	
58	27	28	29	57	59	87	88	89	
59	28	29	0	58	30	88	89	60	
60	59	30	31	89	61	119	90	91	
61	30	31	32	60	62	90	91	92	
62	31	32	33	61	63	91	92	93	
63	32	33	34	62	64	92	93	94	
64	33	34	35	63	65	93	94	95	
65	34	35	36	64	66	94	95	96	
66	35	36	37	65	67	95	96	97	
67	36	37	38	66	68	96	97	98	
68	37	38	39	67	69	97	98	99	
69	38	39	40	68	70	98	99	100	
70	39	40	41	69	71	99	100	101	
71	40	41	42	70	72	100	101	102	
72	41	42	43	71	73	101	102	103	
73	42	43	44	72	74	102	103	104	
74	43	44	45	73	75	103	104	105	
75	44	45	46	74	76	104	105	106	
76	45	46	47	75	77	105	106	107	
77	46	47	48	76	78	106	107	108	
78	47	48	49	77	79	107	108	109	
79	48	49	50	78	80	108	109	110	
80	49	50	51	79	81	109	110	111	
81	50	51	52	80	82	110	111	112	
82	51	52	53	81	83	111	112	113	
83	52	53	54	82	84	112	113	114	
84	53	54	55	83	85	113	114	115	
85	54	55	56	84	86	114	115	116	
86	55	56	57	85	87	115	116	117	
87	56	57	58	86	88	116	117	118	
88	57	58	59	87	89	117	118	119	
89	58	59	30	88	60	118	119	90	
90	89	60	61	119	91	149	120	121	
91	60	61	62	90	92	120	121	122	
92	61	62	63	91	93	121	122	123	
93	62	63	64	92	94	122	123	124	
94	63	64	65	93	95	123	124	125	
95	64	65	66	94	96	124	125	126	
96	65	66	67	95	97	125	126	127	
97	66	67	68	96	98	126	127	128	
98	67	68	69	97	99	127	128	129	
99	68	69	70	98	100	128	129	130	
100	69	70	71	99	101	129	130	131	
101	70	71	72	100	102	130	131	132	
102	71	72	73	101	103	131	132	133	
103	72	73	74	102	104	132	133	134	
104	73	74	75	103	105	133	134	135	
105	74	75	76	104	106	134	135	136	
106	75	76	77	105	107	135	136	137	
107	76	77	78	106	108	136	137	138	
108	77	78	79	107	109	137	138	139	
109	78	79	80	108	110	138	139	140	
110	79	80	81	109	111	139	140	141	
111	80	81	82	110	112	140	141	142	
112	81	82	83	111	113	141	142	143	
113	82	83	84	112	114	142	143	144	
114	83	84	85	113	115	143	144	145	
115	84	85	86	114	116	144	145	146	
116	85	86	87	115	117	145	146	147	
117	86	87	88	116	118	146	147	148	
118	87	88	89	117	119	147	148	149	
119	88	89	60	118	90	148	149	120	
120	119	90	91	149	121	179	150	151	
121	90	91	92	120	122	150	151	152	
122	91	92	93	121	123	151	152	153	
123	92	93	94	122	124	152	153	154	
124	93	94	95	123	125	153	154	155	
125	94	95	96	124	126	154	155	156	
126	95	96	97	125	127	155	156	157	
127	96	97	98	126	128	156	157	158	
128	97	98	99	127	129	157	158	159	
129	98	99	100	128	130	158	159	160	
130	99	100	101	129	131	159	160	161	
131	100	101	102	130	132	160	161	162	
132	101	102	103	131	133	161	162	163	
133	102	103	104	132	134	162	163	164	
134	103	104	105	133	135	163	164	165	
135	104	105	106	134	136	164	165	166	
136	105	106	107	135	137	165	166	167	
137	106	107	108	136	138	166	167	168	
138	107	108	109	137	139	167	168	169	
139	108	109	110	138	140	168	169	170	
140	109	110	111	139	141	169	170	171	
141	110	111	112	140	142	170	171	172	
142	111	112	113	141	143	171	172	173	
143	112	113	114	142	144	172	173	174	
144	113	114	115	143	145	173	174	175	
145	114	115	116	144	146	174	175	176	
146	115	116	117	145	147	175	176	177	
147	116	117	118	146	148	176	177	178	
148	117	118	119	147	149	177	178	179	
149	118	119	90	148	120	178	179	150	
150	149	120	121	179	151	209	180	181	
151	120	121	122	150	152	180	181	182	
152	121	122	123	151	153	181	182	183	
153	122	123	124	152	154	182	183	184	
154	123	124	125	153	155	183	184	185	
155	124	125	126	154	156	184	185	186	
156	125	126	127	155	157	185	186	187	
157	126	127	128	156	158	186	187	188	
158	127	128	129	157	159	187	188	189	
159	128	129	130	158	160	188	189	190	
160	129	130	131	159	161	189	190	191	
161	130	131	132	160	162	190	191	192	
162	131	132	133	161	163	191	192	193	
163	132	133	134	162	164	192	193	194	
164	133	134	135	163	165	193	194	195	
165	134	135	136	164	166	194	195	196	
166	135	136	137	165	167	195	196	197	
167	136	137	138	166	168	196	197	198	
168	137	138	139	167	169	197	198	199	
169	138	139	140	168	170	198	199	200	
170	139	140	141	169	171	199	200	201	
171	140	141	142	170	172	200	201	202	
172	141	142	143	171	173	201	202	203	
173	142	143	144	172	174	202	203	204	
174	143	144	145	173	175	203	204	205	
175	144	145	146	174	176	204	205	206	
176	145	146	147	175	177	205	206	207	
177	146	147	148	176	178	206	207	208	
178	147	148	149	177	179	207	208	209	
179	148	149	120	178	150	208	209	180	
180	179	150	151	209	181	239	210	211	
181	150	151	152	180	182	210	211	212	
182	151	152	153	181	183	211	212	213	
183	152	153	154	182	184	212	213	214	
184	153	154	155	183	185	213	214	215	
185	154	155	156	184	186	214	215	216	
186	155	156	157	185	187	215	216	217	
187	156	157	158	186	188	216	217	218	
188	157	158	159	187	189	217	218	219	
189	158	159	160	188	190	218	219	220	
190	159	160	161	189	191	219	220	221	
191	160	161	162	190	192	220	221	222	
192	161	162	163	191	193	221	222	223	
193	162	163	164	192	194	222	223	224	
194	163	164	165	193	195	223	224	225	
195	164	165	166	194	196	224	225	226	
196	165	166	167	195	197	225	226	227	
197	166	167	168	196	198	226	227	228	
198	167	168	169	197	199	227	228	229	
199	168	169	170	198	200	228	229	230	
200	169	170	171	199	201	229	230	231	
201	170	171	172	200	202	230	231	232	
202	171	172	173	201	203	231	232	233	
203	172	173	174	202	204	232	233	234	
204	173	174	175	203	205	233	234	235	
205	174	175	176	204	206	234	235	236	
206	175	176	177	205	207	235	236	237	
207	176	177	178	206	208	236	237	238	
208	177	178	179	207	209	237	238	239	
209	178	179	150	208	180	238	239	210	
210	209	180	181	239	211	269	240	241	
211	180	181	182	210	212	240	241	242	
212	181	182	183	211	213	241	242	243	
213	182	183	184	212	214	242	243	244	
214	183	184	185	213	215	243	244	245	
215	184	185	186	214	216	244	245	246	
216	185	186	187	215	217	245	246	247	
217	186	187	188	216	218	246	247	248	
218	187	188	189	217	219	247	248	249	
219	188	189	190	218	220	248	249	250	
220	189	190	191	219	221	249	250	251	
221	190	191	192	220	222	250	251	252	
222	191	192	193	221	223	251	252	253	
223	192	193	194	222	224	252	253	254	
224	193	194	195	223	225	253	254	255	
225	194	195	196	224	226	254	255	256	
226	195	196	197	225	227	255	256	257	
227	196	197	198	226	228	256	257	258	
228	197	198	199	227	229	257	258	259	
229	198	199	200	228	230	258	259	260	
230	199	200	201	229	231	259	260	261	
231	200	201	202	230	232	260	261	262	
232	201	202	203	231	233	261	262	263	
233	202	203	204	232	234	262	263	264	
234	203	204	205	233	235	263	264	265	
235	204	205	206	234	236	264	265	266	
236	205	206	207	235	237	265	266	267	
237	206	207	208	236	238	266	267	268	
238	207	208	209	237	239	267	268	269	
239	208	209	180	238	210	268	269	240	
240	239	210	211	269	241	299	270	271	
241	210	211	212	240	242	270	271	272	
242	211	212	213	241	243	271	272	273	
243	212	213	214	242	244	272	273	274	
244	213	214	215	243	245	273	274	275	
245	214	215	216	244	246	274	275	276	
246	215	216	217	245	247	275	276	277	
247	216	217	218	246	248	276	277	278	
248	217	218	219	247	249	277	278	279	
249	218	219	220	248	250	278	279	280	
250	219	220	221	249	251	279	280	281	
251	220	221	222	250	252	280	281	282	
252	221	222	223	251	253	281	282	283	
253	222	223	224	252	254	282	283	284	
254	223	224	225	253	255	283	284	285	
255	224	225	226	254	256	284	285	286	
256	225	226	227	255	257	285	286	287	
257	226	227	228	256	258	286	287	288	
258	227	228	229	257	259	287	288	289	
259	228	229	230	258	260	288	289	290	
260	229	230	231	259	261	289	290	291	
261	230	231	232	260	262	290	291	292	
262	231	232	233	261	263	291	292	293	
263	232	233	234	262	264	292	293	294	
264	233	234	235	263	265	293	294	295	
265	234	235	236	264	266	294	295	296	
266	235	236	237	265	267	295	296	297	
267	236	237	238	266	268	296	297	298	
268	237	238	239	267	269	297	298	299	
269	238	239	210	268	240	298	299	270	
270	269	240	241	299	271	329	300	301	
271	240	241	242	270	272	300	301	302	
272	241	242	243	271	273	301	302	303	
273	242	243	244	272	274	302	303	304	
274	243	244	245	273	275	303	304	305	
275	244	245	246	274	276	304	305	306	
276	245	246	247	275	277	305	306	307	
277	246	247	248	276	278	306	307	308	
278	247	248	249	277	279	307	308	309	
279	248	249	250	278	280	308	309	310	
280	249	250	251	279	281	309	310	311	
281	250	251	252	280	282	310	311	312	
282	251	252	253	281	283	311	312	313	
283	252	253	254	282	284	312	313	314	
284	253	254	255	283	285	313	314	315	
285	254	255	256	284	286	314	315	316	
286	255	256	257	285	287	315	316	317	
287	256	257	258	286	288	316	317	318	
288	257	258	259	287	289	317	318	319	
289	258	259	260	288	290	318	319	320	
290	259	260	261	289	291	319	320	321	
291	260	261	262	290	292	320	321	322	
292	261	262	263	291	293	321	322	323	
293	262	263	264	292	294	322	323	324	
294	263	264	265	293	295	323	324	325	
295	264	265	266	294	296	324	325	326	
296	265	266	267	295	297	325	326	327	
297	266	267	268	296	298	326	327	328	
298	267	268	269	297	299	327	328	329	
299	268	269	240	298	270	328	329	300	
300	299	270	271	329	301	359	330	331	
301	270	271	272	300	302	330	331	332	
302	271	272	273	301	303	331	332	333	
303	272	273	274	302	304	332	333	334	
304	273	274	275	303	305	333	334	335	
305	274	275	276	304	306	334	335	336	
306	275	276	277	305	307	335	336	337	
307	276	277	278	306	308	336	337	338	
308	277	278	279	307	309	337	338	339	
309	278	279	280	308	310	338	339	340	
310	279	280	281	309	311	339	340	341	
311	280	281	282	310	312	340	341	342	
312	281	282	283	311	313	341	342	343	
313	282	283	284	312	314	342	343	344	
314	283	284	285	313	315	343	344	345	
315	284	285	286	314	316	344	345	346	
316	285	286	287	315	317	345	346	347	
317	286	287	288	316	318	346	347	348	
318	287	288	289	317	319	347	348	349	
319	288	289	290	318	320	348	349	350	
320	289	290	291	319	321	349	350	351	
321	290	291	292	320	322	350	351	352	
322	291	292	293	321	323	351	352	353	
323	292	293	294	322	324	352	353	354	
324	293	294	295	323	325	353	354	355	
325	294	295	296	324	326	354	355	356	
326	295	296	297	325	327	355	356	357	
327	296	297	298	326	328	356	357	358	
328	297	298	299	327	329	357	358	359	
329	298	299	270	328	300	358	359	330	
330	329	300	301	359	331	389	360	361	
331	300	301	302	330	332	360	361	362	
332	301	302	303	331	333	361	362	363	
333	302	303	304	332	334	362	363	364	
334	303	304	305	333	335	363	364	365	
335	304	305	306	334	336	364	365	366	
336	305	306	307	335	337	365	366	367	
337	306	307	308	336	338	366	367	368	
338	307	308	309	337	339	367	368	369	
339	308	309	310	338	340	368	369	370	
340	309	310	311	339	341	369	370	371	
341	310	311	312	340	342	370	371	372	
342	311	312	313	341	343	371	372	373	
343	312	313	314	342	344	372	373	374	
344	313	314	315	343	345	373	374	375	
345	314	315	316	344	346	374	375	376	
346	315	316	317	345	347	375	376	377	
347	316	317	318	346	348	376	377	378	
348	317	318	319	347	349	377	378	379	
349	318	319	320	348	350	378	379	380	
350	319	320	321	349	351	379	380	381	
351	320	321	322	350	352	380	381	382	
352	321	322	323	351	353	381	382	383	
353	322	323	324	352	354	382	383	384	
354	323	324	325	353	355	383	384	385	
355	324	325	326	354	356	384	385	386	
356	325	326	327	355	357	385	386	387	
357	326	327	328	356	358	386	387	388	
358	327	328	329	357	359	387	388	389	
359	328	329	300	358	330	388	389	360	
360	359	330	331	389	361	419	390	391	
361	330	331	332	360	362	390	391	392	
362	331	332	333	361	363	391	392	393	
363	332	333	334	362	364	392	393	394	
364	333	334	335	363	365	393	394	395	
365	334	335	336	364	366	394	395	396	
366	335	336	337	365	367	395	396	397	
367	336	337	338	366	368	396	397	398	
368	337	338	339	367	369	397	398	399	
369	338	339	340	368	370	398	399	400	
370	339	340	341	369	371	399	400	401	
371	340	341	342	370	372	400	401	402	
372	341	342	343	371	373	401	402	403	
373	342	343	344	372	374	402	403	404	
374	343	344	345	373	375	403	404	405	
375	344	345	346	374	376	404	405	406	
376	345	346	347	375	377	405	406	407	
377	346	347	348	376	378	406	407	408	
378	347	348	349	377	379	407	408	409	
379	348	349	350	378	380	408	409	410	
380	349	350	351	379	381	409	410	411	
381	350	351	352	380	382	410	411	412	
382	351	352	353	381	383	411	412	413	
383	352	353	354	382	384	412	413	414	
384	353	354	355	383	385	413	414	415	
385	354	355	356	384	386	414	415	416	
386	355	356	357	385	387	415	416	417	
387	356	357	358	386	388	416	417	418	
388	357	358	359	387	389	417	418	419	
389	358	359	330	388	360	418	419	390	
390	389	360	361	419	391	449	420	421	
391	360	361	362	390	392	420	421	422	
392	361	362	363	391	393	421	422	423	
393	362	363	364	392	394	422	423	424	
394	363	364	365	393	395	423	424	425	
395	364	365	366	394	396	424	425	426	
396	365	366	367	395	397	425	426	427	
397	366	367	368	396	398	426	427	428	
398	367	368	369	397	399	427	428	429	
399	368	369	370	398	400	428	429	430	
400	369	370	371	399	401	429	430	431	
401	370	371	372	400	402	430	431	432	
402	371	372	373	401	403	431	432	433	
403	372	373	374	402	404	432	433	434	
404	373	374	375	403	405	433	434	435	
405	374	375	376	404	406	434	435	436	
406	375	376	377	405	407	435	436	437	
407	376	377	378	406	408	436	437	438	
408	377	378	379	407	409	437	438	439	
409	378	379	380	408	410	438	439	440	
410	379	380	381	409	411	439	440	441	
411	380	381	382	410	412	440	441	442	
412	381	382	383	411	413	441	442	443	
413	382	383	384	412	414	442	443	444	
414	383	384	385	413	415	443	444	445	
415	384	385	386	414	416	444	445	446	
416	385	386	387	415	417	445	446	447	
417	386	387	388	416	418	446	447	448	
418	387	388	389	417	419	447	448	449	
419	388	389	360	418	390	448	449	420	
420	419	390	391	449	421	479	450	451	
421	390	391	392	420	422	450	451	452	
422	391	392	393	421	423	451	452	453	
423	392	393	394	422	424	452	453	454	
424	393	394	395	423	425	453	454	455	
425	394	395	396	424	426	454	455	456	
426	395	396	397	425	427	455	456	457	
427	396	397	398	426	428	456	457	458	
428	397	398	399	427	429	457	458	459	
429	398	399	400	428	430	458	459	460	
430	399	400	401	429	431	459	460	461	
431	400	401	402	430	432	460	461	462	
432	401	402	403	431	433	461	462	463	
433	402	403	404	432	434	462	463	464	
434	403	404	405	433	435	463	464	465	
435	404	405	406	434	436	464	465	466	
436	405	406	407	435	437	465	466	467	
437	406	407	408	436	438	466	467	468	
438	407	408	409	437	439	467	468	469	
439	408	409	410	438	440	468	469	470	
440	409	410	411	439	441	469	470	471	
441	410	411	412	440	442	470	471	472	
442	411	412	413	441	443	471	472	473	
443	412	413	414	442	444	472	473	474	
444	413	414	415	443	445	473	474	475	
445	414	415	416	444	446	474	475	476	
446	415	416	417	445	447	475	476	477	
447	416	417	418	446	448	476	477	478	
448	417	418	419	447	449	477	478	479	
449	418	419	390	448	420	478	479	450	
450	449	420	421	479	451	509	480	481	
451	420	421	422	450	452	480	481	482	
452	421	422	423	451	453	481	482	483	
453	422	423	424	452	454	482	483	484	
454	423	424	425	453	455	483	484	485	
455	424	425	426	454	456	484	485	486	
456	425	426	427	455	457	485	486	487	
457	426	427	428	456	458	486	487	488	
458	427	428	429	457	459	487	488	489	
459	428	429	430	458	460	488	489	490	
460	429	430	431	459	461	489	490	491	
461	430	431	432	460	462	490	491	492	
462	431	432	433	461	463	491	492	493	
463	432	433	434	462	464	492	493	494	
464	433	434	435	463	465	493	494	495	
465	434	435	436	464	466	494	495	496	
466	435	436	437	465	467	495	496	497	
467	436	437	438	466	468	496	497	498	
468	437	438	439	467	469	497	498	499	
469	438	439	440	468	470	498	499	500	
470	439	440	441	469	471	499	500	501	
471	440	441	442	470	472	500	501	502	
472	441	442	443	471	473	501	502	503	
473	442	443	444	472	474	502	503	504	
474	443	444	445	473	475	503	504	505	
475	444	445	446	474	476	504	505	506	
476	445	446	447	475	477	505	506	507	
477	446	447	448	476	478	506	507	508	
478	447	448	449	477	479	507	508	509	
479	448	449	420	478	450	508	509	480	
480	479	450	451	509	481	539	510	511	
481	450	451	452	480	482	510	511	512	
482	451	452	453	481	483	511	512	513	
483	452	453	454	482	484	512	513	514	
484	453	454	455	483	485	513	514	515	
485	454	455	456	484	486	514	515	516	
486	455	456	457	485	487	515	516	517	
487	456	457	458	486	488	516	517	518	
488	457	458	459	487	489	517	518	519	
489	458	459	460	488	490	518	519	520	
490	459	460	461	489	491	519	520	521	
491	460	461	462	490	492	520	521	522	
492	461	462	463	491	493	521	522	523	
493	462	463	464	492	494	522	523	524	
494	463	464	465	493	495	523	524	525	
495	464	465	466	494	496	524	525	526	
496	465	466	467	495	497	525	526	527	
497	466	467	468	496	498	526	527	528	
498	467	468	469	497	499	527	528	529	
499	468	469	470	498	500	528	529	530	
500	469	470	471	499	501	529	530	531	
501	470	471	472	500	502	530	531	532	
502	471	472	473	501	503	531	532	533	
503	472	473	474	502	504	532	533	534	
504	473	474	475	503	505	533	534	535	
505	474	475	476	504	506	534	535	536	
506	475	476	477	505	507	535	536	537	
507	476	477	478	506	508	536	537	538	
508	477	478	479	507	509	537	538	539	
509	478	479	450	508	480	538	539	510	
510	509	480	481	539	511	569	540	541	
511	480	481	482	510	512	540	541	542	
512	481	482	483	511	513	541	542	543	
513	482	483	484	512	514	542	543	544	
514	483	484	485	513	515	543	544	545	
515	484	485	486	514	516	544	545	546	
516	485	486	487	515	517	545	546	547	
517	486	487	488	516	518	546	547	548	
518	487	488	489	517	519	547	548	549	
519	488	489	490	518	520	548	549	550	
520	489	490	491	519	521	549	550	551	
521	490	491	492	520	522	550	551	552	
522	491	492	493	521	523	551	552	553	
523	492	493	494	522	524	552	553	554	
524	493	494	495	523	525	553	554	555	
525	494	495	496	524	526	554	555	556	
526	495	496	497	525	527	555	556	557	
527	496	497	498	526	528	556	557	558	
528	497	498	499	527	529	557	558	559	
529	498	499	500	528	530	558	559	560	
530	499	500	501	529	531	559	560	561	
531	500	501	502	530	532	560	561	562	
532	501	502	503	531	533	561	562	563	
533	502	503	504	532	534	562	563	564	
534	503	504	505	533	535	563	564	565	
535	504	505	506	534	536	564	565	566	
536	505	506	507	535	537	565	566	567	
537	506	507	508	536	538	566	567	568	
538	507	508	509	537	539	567	568	569	
539	508	509	480	538	510	568	569	540	
540	539	510	511	569	541	599	570	571	
541	510	511	512	540	542	570	571	572	
542	511	512	513	541	543	571	572	573	
543	512	513	514	542	544	572	573	574	
544	513	514	515	543	545	573	574	575	
545	514	515	516	544	546	574	575	576	
546	515	516	517	545	547	575	576	577	
547	516	517	518	546	548	576	577	578	
548	517	518	519	547	549	577	578	579	
549	518	519	520	548	550	578	579	580	
550	519	520	521	549	551	579	580	581	
551	520	521	522	550	552	580	581	582	
552	521	522	523	551	553	581	582	583	
553	522	523	524	552	554	582	583	584	
554	523	524	525	553	555	583	584	585	
555	524	525	526	554	556	584	585	586	
556	525	526	527	555	557	585	586	587	
557	526	527	528	556	558	586	587	588	
558	527	528	529	557	559	587	588	589	
559	528	529	530	558	560	588	589	590	
560	529	530	531	559	561	589	590	591	
561	530	531	532	560	562	590	591	592	
562	531	532	533	561	563	591	592	593	
563	532	533	534	562	564	592	593	594	
564	533	534	535	563	565	593	594	595	
565	534	535	536	564	566	594	595	596	
566	535	536	537	565	567	595	596	597	
567	536	537	538	566	568	596	597	598	
568	537	538	539	567	569	597	598	599	
569	538	539	510	568	540	598	599	570	
570	569	540	541	599	571	629	600	601	
571	540	541	542	570	572	600	601	602	
572	541	542	543	571	573	601	602	603	
573	542	543	544	572	574	602	603	604	
574	543	544	545	573	575	603	604	605	
575	544	545	546	574	576	604	605	606	
576	545	546	547	575	577	605	606	607	
577	546	547	548	576	578	606	607	608	
578	547	548	549	577	579	607	608	609	
579	548	549	550	578	580	608	609	610	
580	549	550	551	579	581	609	610	611	
581	550	551	552	580	582	610	611	612	
582	551	552	553	581	583	611	612	613	
583	552	553	554	582	584	612	613	614	
584	553	554	555	583	585	613	614	615	
585	554	555	556	584	586	614	615	616	
586	555	556	557	585	587	615	616	617	
587	556	557	558	586	588	616	617	618	
588	557	558	559	587	589	617	618	619	
589	558	559	560	588	590	618	619	620	
590	559	560	561	589	591	619	620	621	
591	560	561	562	590	592	620	621	622	
592	561	562	563	591	593	621	622	623	
593	562	563	564	592	594	622	623	624	
594	563	564	565	593	595	623	624	625	
595	564	565	566	594	596	624	625	626	
596	565	566	567	595	597	625	626	627	
597	566	567	568	596	598	626	627	628	
598	567	568	569	597	599	627	628	629	
599	568	569	540	598	570	628	629	600	
600	599	570	571	629	601	659	630	631	
601	570	571	572	600	602	630	631	632	
602	571	572	573	601	603	631	632	633	
603	572	573	574	602	604	632	633	634	
604	573	574	575	603	605	633	634	635	
605	574	575	576	604	606	634	635	636	
606	575	576	577	605	607	635	636	637	
607	576	577	578	606	608	636	637	638	
608	577	578	579	607	609	637	638	639	
609	578	579	580	608	610	638	639	640	
610	579	580	581	609	611	639	640	641	
611	580	581	582	610	612	640	641	642	
612	581	582	583	611	613	641	642	643	
613	582	583	584	612	614	642	643	644	
614	583	584	585	613	615	643	644	645	
615	584	585	586	614	616	644	645	646	
616	585	586	587	615	617	645	646	647	
617	586	587	588	616	618	646	647	648	
618	587	588	589	617	619	647	648	649	
619	588	589	590	618	620	648	649	650	
620	589	590	591	619	621	649	650	651	
621	590	591	592	620	622	650	651	652	
622	591	592	593	621	623	651	652	653	
623	592	593	594	622	624	652	653	654	
624	593	594	595	623	625	653	654	655	
625	594	595	596	624	626	654	655	656	
626	595	596	597	625	627	655	656	657	
627	596	597	598	626	628	656	657	658	
628	597	598	599	627	629	657	658	659	
629	598	599	570	628	600	658	659	630	
630	629	600	601	659	631	689	660	661	
631	600	601	602	630	632	660	661	662	
632	601	602	603	631	633	661	662	663	
633	602	603	604	632	634	662	663	664	
634	603	604	605	633	635	663	664	665	
635	604	605	606	634	636	664	665	666	
636	605	606	607	635	637	665	666	667	
637	606	607	608	636	638	666	667	668	
638	607	608	609	637	639	667	668	669	
639	608	609	610	638	640	668	669	670	
640	609	610	611	639	641	669	670	671	
641	610	611	612	640	642	670	671	672	
642	611	612	613	641	643	671	672	673	
643	612	613	614	642	644	672	673	674	
644	613	614	615	643	645	673	674	675	
645	614	615	616	644	646	674	675	676	
646	615	616	617	645	647	675	676	677	
647	616	617	618	646	648	676	677	678	
648	617	618	619	647	649	677	678	679	
649	618	619	620	648	650	678	679	680	
650	619	620	621	649	651	679	680	681	
651	620	621	622	650	652	680	681	682	
652	621	622	623	651	653	681	682	683	
653	622	623	624	652	654	682	683	684	
654	623	624	625	653	655	683	684	685	
655	624	625	626	654	656	684	685	686	
656	625	626	627	655	657	685	686	687	
657	626	627	628	656	658	686	687	688	
658	627	628	629	657	659	687	688	689	
659	628	629	600	658	630	688	689	660	
660	659	630	631	689	661	719	690	691	
661	630	631	632	660	662	690	691	692	
662	631	632	633	661	663	691	692	693	
663	632	633	634	662	664	692	693	694	
664	633	634	635	663	665	693	694	695	
665	634	635	636	664	666	694	695	696	
666	635	636	637	665	667	695	696	697	
667	636	637	638	666	668	696	697	698	
668	637	638	639	667	669	697	698	699	
669	638	639	640	668	670	698	699	700	
670	639	640	641	669	671	699	700	701	
671	640	641	642	670	672	700	701	702	
672	641	642	643	671	673	701	702	703	
673	642	643	644	672	674	702	703	704	
674	643	644	645	673	675	703	704	705	
675	644	645	646	674	676	704	705	706	
676	645	646	647	675	677	705	706	707	
677	646	647	648	676	678	706	707	708	
678	647	648	649	677	679	707	708	709	
679	648	649	650	678	680	708	709	710	
680	649	650	651	679	681	709	710	711	
681	650	651	652	680	682	710	711	712	
682	651	652	653	681	683	711	712	713	
683	652	653	654	682	684	712	713	714	
684	653	654	655	683	685	713	714	715	
685	654	655	656	684	686	714	715	716	
686	655	656	657	685	687	715	716	717	
687	656	657	658	686	688	716	717	718	
688	657	658	659	687	689	717	718	719	
689	658	659	630	688	660	718	719	690	
690	689	660	661	719	691	749	720	721	
691	660	661	662	690	692	720	721	722	
692	661	662	663	691	693	721	722	723	
693	662	663	664	692	694	722	723	724	
694	663	664	665	693	695	723	724	725	
695	664	665	666	694	696	724	725	726	
696	665	666	667	695	697	725	726	727	
697	666	667	668	696	698	726	727	728	
698	667	668	669	697	699	727	728	729	
699	668	669	670	698	700	728	729	730	
700	669	670	671	699	701	729	730	731	
701	670	671	672	700	702	730	731	732	
702	671	672	673	701	703	731	732	733	
703	672	673	674	702	704	732	733	734	
704	673	674	675	703	705	733	734	735	
705	674	675	676	704	706	734	735	736	
706	675	676	677	705	707	735	736	737	
707	676	677	678	706	708	736	737	738	
708	677	678	679	707	709	737	738	739	
709	678	679	680	708	710	738	739	740	
710	679	680	681	709	711	739	740	741	
711	680	681	682	710	712	740	741	742	
712	681	682	683	711	713	741	742	743	
713	682	683	684	712	714	742	743	744	
714	683	684	685	713	715	743	744	745	
715	684	685	686	714	716	744	745	746	
716	685	686	687	715	717	745	746	747	
717	686	687	688	716	718	746	747	748	
718	687	688	689	717	719	747	748	749	
719	688	689	660	718	690	748	749	720	
720	719	690	691	749	721	779	750	751	
721	690	691	692	720	722	750	751	752	
722	691	692	693	721	723	751	752	753	
723	692	693	694	722	724	752	753	754	
724	693	694	695	723	725	753	754	755	
725	694	695	696	724	726	754	755	756	
726	695	696	697	725	727	755	756	757	
727	696	697	698	726	728	756	757	758	
728	697	698	699	727	729	757	758	759	
729	698	699	700	728	730	758	759	760	
730	699	700	701	729	731	759	760	761	
731	700	701	702	730	732	760	761	762	
732	701	702	703	731	733	761	762	763	
733	702	703	704	732	734	762	763	764	
734	703	704	705	733	735	763	764	765	
735	704	705	706	734	736	764	765	766	
736	705	706	707	735	737	765	766	767	
737	706	707	708	736	738	766	767	768	
738	707	708	709	737	739	767	768	769	
739	708	709	710	738	740	768	769	770	
740	709	710	711	739	741	769	770	771	
741	710	711	712	740	742	770	771	772	
742	711	712	713	741	743	771	772	773	
743	712	713	714	742	744	772	773	774	
744	713	714	715	743	745	773	774	775	
745	714	715	716	744	746	774	775	776	
746	715	716	717	745	747	775	776	777	
747	716	717	718	746	748	776	777	778	
748	717	718	719	747	749	777	778	779	
749	718	719	690	748	720	778	779	750	
750	749	720	721	779	751	809	780	781	
751	720	721	722	750	752	780	781	782	
752	721	722	723	751	753	781	782	783	
753	722	723	724	752	754	782	783	784	
754	723	724	725	753	755	783	784	785	
755	724	725	726	754	756	784	785	786	
756	725	726	727	755	757	785	786	787	
757	726	727	728	756	758	786	787	788	
758	727	728	729	757	759	787	788	789	
759	728	729	730	758	760	788	789	790	
760	729	730	731	759	761	789	790	791	
761	730	731	732	760	762	790	791	792	
762	731	732	733	761	763	791	792	793	
763	732	733	734	762	764	792	793	794	
764	733	734	735	763	765	793	794	795	
765	734	735	736	764	766	794	795	796	
766	735	736	737	765	767	795	796	797	
767	736	737	738	766	768	796	797	798	
768	737	738	739	767	769	797	798	799	
769	738	739	740	768	770	798	799	800	
770	739	740	741	769	771	799	800	801	
771	740	741	742	770	772	800	801	802	
772	741	742	743	771	773	801	802	803	
773	742	743	744	772	774	802	803	804	
774	743	744	745	773	775	803	804	805	
775	744	745	746	774	776	804	805	806	
776	745	746	747	775	777	805	806	807	
777	746	747	748	776	778	806	807	808	
778	747	748	749	777	779	807	808	809	
779	748	749	720	778	750	808	809	780	
780	779	750	751	809	781	839	810	811	
781	750	751	752	780	782	810	811	812	
782	751	752	753	781	783	811	812	813	
783	752	753	754	782	784	812	813	814	
784	753	754	755	783	785	813	814	815	
785	754	755	756	784	786	814	815	816	
786	755	756	757	785	787	815	816	817	
787	756	757	758	786	788	816	817	818	
788	757	758	759	787	789	817	818	819	
789	758	759	760	788	790	818	819	820	
790	759	760	761	789	791	819	820	821	
791	760	761	762	790	792	820	821	822	
792	761	762	763	791	793	821	822	823	
793	762	763	764	792	794	822	823	824	
794	763	764	765	793	795	823	824	825	
795	764	765	766	794	796	824	825	826	
796	765	766	767	795	797	825	826	827	
797	766	767	768	796	798	826	827	828	
798	767	768	769	797	799	827	828	829	
799	768	769	770	798	800	828	829	830	
800	769	770	771	799	801	829	830	831	
801	770	771	772	800	802	830	831	832	
802	771	772	773	801	803	831	832	833	
803	772	773	774	802	804	832	833	834	
804	773	774	775	803	805	833	834	835	
805	774	775	776	804	806	834	835	836	
806	775	776	777	805	807	835	836	837	
807	776	777	778	806	808	836	837	838	
808	777	778	779	807	809	837	838	839	
809	778	779	750	808	780	838	839	810	
810	809	780	781	839	811	869	840	841	
811	780	781	782	810	812	840	841	842	
812	781	782	783	811	813	841	842	843	
813	782	783	784	812	814	842	843	844	
814	783	784	785	813	815	843	844	845	
815	784	785	786	814	816	844	845	846	
816	785	786	787	815	817	845	846	847	
817	786	787	788	816	818	846	847	848	
818	787	788	789	817	819	847	848	849	
819	788	789	790	818	820	848	849	850	
820	789	790	791	819	821	849	850	851	
821	790	791	792	820	822	850	851	852	
822	791	792	793	821	823	851	852	853	
823	792	793	794	822	824	852	853	854	
824	793	794	795	823	825	853	854	855	
825	794	795	796	824	826	854	855	856	
826	795	796	797	825	827	855	856	857	
827	796	797	798	826	828	856	857	858	
828	797	798	799	827	829	857	858	859	
829	798	799	800	828	830	858	859	860	
830	799	800	801	829	831	859	860	861	
831	800	801	802	830	832	860	861	862	
832	801	802	803	831	833	861	862	863	
833	802	803	804	832	834	862	863	864	
834	803	804	805	833	835	863	864	865	
835	804	805	806	834	836	864	865	866	
836	805	806	807	835	837	865	866	867	
837	806	807	808	836	838	866	867	868	
838	807	808	809	837	839	867	868	869	
839	808	809	780	838	810	868	869	840	
840	839	810	811	869	841	899	870	871	
841	810	811	812	840	842	870	871	872	
842	811	812	813	841	843	871	872	873	
843	812	813	814	842	844	872	873	874	
844	813	814	815	843	845	873	874	875	
845	814	815	816	844	846	874	875	876	
846	815	816	817	845	847	875	876	877	
847	816	817	818	846	848	876	877	878	
848	817	818	819	847	849	877	878	879	
849	818	819	820	848	850	878	879	880	
850	819	820	821	849	851	879	880	881	
851	820	821	822	850	852	880	881	882	
852	821	822	823	851	853	881	882	883	
853	822	823	824	852	854	882	883	884	
854	823	824	825	853	855	883	884	885	
855	824	825	826	854	856	884	885	886	
856	825	826	827	855	857	885	886	887	
857	826	827	828	856	858	886	887	888	
858	827	828	829	857	859	887	888	889	
859	828	829	830	858	860	888	889	890	
860	829	830	831	859	861	889	890	891	
861	830	831	832	860	862	890	891	892	
862	831	832	833	861	863	891	892	893	
863	832	833	834	862	864	892	893	894	
864	833	834	835	863	865	893	894	895	
865	834	835	836	864	866	894	895	896	
866	835	836	837	865	867	895	896	897	
867	836	837	838	866	868	896	897	898	
868	837	838	839	867	869	897	898	899	
869	838	839	810	868	840	898	899	870	
870	869	840	841	899	871	29	0	1	
871	840	841	842	870	872	0	1	2	
872	841	842	843	871	873	1	2	3	
873	842	843	844	872	874	2	3	4	
874	843	844	845	873	875	3	4	5	
875	844	845	846	874	876	4	5	6	
876	845	846	847	875	877	5	6	7	
877	846	847	848	876	878	6	7	8	
878	847	848	849	877	879	7	8	9	
879	848	849	850	878	880	8	9	10	
880	849	850	851	879	881	9	10	11	
881	850	851	852	880	882	10	11	12	
882	851	852	853	881	883	11	12	13	
883	852	853	854	882	884	12	13	14	
884	853	854	855	883	885	13	14	15	
885	854	855	856	884	886	14	15	16	
886	855	856	857	885	887	15	16	17	
887	856	857	858	886	888	16	17	18	
888	857	858	859	887	889	17	18	19	
889	858	859	860	888	890	18	19	20	
890	859	860	861	889	891	19	20	21	
891	860	861	862	890	892	20	21	22	
892	861	862	863	891	893	21	22	23	
893	862	863	864	892	894	22	23	24	
894	863	864	865	893	895	23	24	25	
895	864	865	866	894	896	24	25	26	
896	865	866	867	895	897	25	26	27	
897	866	867	868	896	898	26	27	28	
898	867	868	869	897	899	27	28	29	
899	868	869	840	898	870	28	29	0	
