1	1.00000000	0.0000000
50	0.95887778	0.0007254
100	0.90788889	0.0024341
150	0.87962222	0.0064661
200	0.83103333	0.0407727
250	0.73226670	0.1011560
500	0.32973330	0.1714981
750	0.17073330	0.1140411
1000	0.07720000	0.0499557
1250	0.05924440	0.0432354
1500	0.01643330	0.0081006
1750	0.02020000	0.0092875
2000	0.02202220	0.0119380
2250	0.01154440	0.0010144
2500	0.02622220	0.0159635
2750	0.01766670	0.0090868
3000	0.00838890	0.0000550
3250	0.01185560	0.0018460
3500	0.01938890	0.0081374
3750	0.00687780	0.0000039
4000	0.00667780	0.0000009
