0	870	29	1	30	
1	871	0	2	31	
2	872	1	3	32	
3	873	2	4	33	
4	874	3	5	34	
5	875	4	6	35	
6	876	5	7	36	
7	877	6	8	37	
8	878	7	9	38	
9	879	8	10	39	
10	880	9	11	40	
11	881	10	12	41	
12	882	11	13	42	
13	883	12	14	43	
14	884	13	15	44	
15	885	14	16	45	
16	886	15	17	46	
17	887	16	18	47	
18	888	17	19	48	
19	889	18	20	49	
20	890	19	21	50	
21	891	20	22	51	
22	892	21	23	52	
23	893	22	24	53	
24	894	23	25	54	
25	895	24	26	55	
26	896	25	27	56	
27	897	26	28	57	
28	898	27	29	58	
29	899	28	0	59	
30	0	59	31	60	
31	1	30	32	61	
32	2	31	33	62	
33	3	32	34	63	
34	4	33	35	64	
35	5	34	36	65	
36	6	35	37	66	
37	7	36	38	67	
38	8	37	39	68	
39	9	38	40	69	
40	10	39	41	70	
41	11	40	42	71	
42	12	41	43	72	
43	13	42	44	73	
44	14	43	45	74	
45	15	44	46	75	
46	16	45	47	76	
47	17	46	48	77	
48	18	47	49	78	
49	19	48	50	79	
50	20	49	51	80	
51	21	50	52	81	
52	22	51	53	82	
53	23	52	54	83	
54	24	53	55	84	
55	25	54	56	85	
56	26	55	57	86	
57	27	56	58	87	
58	28	57	59	88	
59	29	58	30	89	
60	30	89	61	90	
61	31	60	62	91	
62	32	61	63	92	
63	33	62	64	93	
64	34	63	65	94	
65	35	64	66	95	
66	36	65	67	96	
67	37	66	68	97	
68	38	67	69	98	
69	39	68	70	99	
70	40	69	71	100	
71	41	70	72	101	
72	42	71	73	102	
73	43	72	74	103	
74	44	73	75	104	
75	45	74	76	105	
76	46	75	77	106	
77	47	76	78	107	
78	48	77	79	108	
79	49	78	80	109	
80	50	79	81	110	
81	51	80	82	111	
82	52	81	83	112	
83	53	82	84	113	
84	54	83	85	114	
85	55	84	86	115	
86	56	85	87	116	
87	57	86	88	117	
88	58	87	89	118	
89	59	88	60	119	
90	60	119	91	120	
91	61	90	92	121	
92	62	91	93	122	
93	63	92	94	123	
94	64	93	95	124	
95	65	94	96	125	
96	66	95	97	126	
97	67	96	98	127	
98	68	97	99	128	
99	69	98	100	129	
100	70	99	101	130	
101	71	100	102	131	
102	72	101	103	132	
103	73	102	104	133	
104	74	103	105	134	
105	75	104	106	135	
106	76	105	107	136	
107	77	106	108	137	
108	78	107	109	138	
109	79	108	110	139	
110	80	109	111	140	
111	81	110	112	141	
112	82	111	113	142	
113	83	112	114	143	
114	84	113	115	144	
115	85	114	116	145	
116	86	115	117	146	
117	87	116	118	147	
118	88	117	119	148	
119	89	118	90	149	
120	90	149	121	150	
121	91	120	122	151	
122	92	121	123	152	
123	93	122	124	153	
124	94	123	125	154	
125	95	124	126	155	
126	96	125	127	156	
127	97	126	128	157	
128	98	127	129	158	
129	99	128	130	159	
130	100	129	131	160	
131	101	130	132	161	
132	102	131	133	162	
133	103	132	134	163	
134	104	133	135	164	
135	105	134	136	165	
136	106	135	137	166	
137	107	136	138	167	
138	108	137	139	168	
139	109	138	140	169	
140	110	139	141	170	
141	111	140	142	171	
142	112	141	143	172	
143	113	142	144	173	
144	114	143	145	174	
145	115	144	146	175	
146	116	145	147	176	
147	117	146	148	177	
148	118	147	149	178	
149	119	148	120	179	
150	120	179	151	180	
151	121	150	152	181	
152	122	151	153	182	
153	123	152	154	183	
154	124	153	155	184	
155	125	154	156	185	
156	126	155	157	186	
157	127	156	158	187	
158	128	157	159	188	
159	129	158	160	189	
160	130	159	161	190	
161	131	160	162	191	
162	132	161	163	192	
163	133	162	164	193	
164	134	163	165	194	
165	135	164	166	195	
166	136	165	167	196	
167	137	166	168	197	
168	138	167	169	198	
169	139	168	170	199	
170	140	169	171	200	
171	141	170	172	201	
172	142	171	173	202	
173	143	172	174	203	
174	144	173	175	204	
175	145	174	176	205	
176	146	175	177	206	
177	147	176	178	207	
178	148	177	179	208	
179	149	178	150	209	
180	150	209	181	210	
181	151	180	182	211	
182	152	181	183	212	
183	153	182	184	213	
184	154	183	185	214	
185	155	184	186	215	
186	156	185	187	216	
187	157	186	188	217	
188	158	187	189	218	
189	159	188	190	219	
190	160	189	191	220	
191	161	190	192	221	
192	162	191	193	222	
193	163	192	194	223	
194	164	193	195	224	
195	165	194	196	225	
196	166	195	197	226	
197	167	196	198	227	
198	168	197	199	228	
199	169	198	200	229	
200	170	199	201	230	
201	171	200	202	231	
202	172	201	203	232	
203	173	202	204	233	
204	174	203	205	234	
205	175	204	206	235	
206	176	205	207	236	
207	177	206	208	237	
208	178	207	209	238	
209	179	208	180	239	
210	180	239	211	240	
211	181	210	212	241	
212	182	211	213	242	
213	183	212	214	243	
214	184	213	215	244	
215	185	214	216	245	
216	186	215	217	246	
217	187	216	218	247	
218	188	217	219	248	
219	189	218	220	249	
220	190	219	221	250	
221	191	220	222	251	
222	192	221	223	252	
223	193	222	224	253	
224	194	223	225	254	
225	195	224	226	255	
226	196	225	227	256	
227	197	226	228	257	
228	198	227	229	258	
229	199	228	230	259	
230	200	229	231	260	
231	201	230	232	261	
232	202	231	233	262	
233	203	232	234	263	
234	204	233	235	264	
235	205	234	236	265	
236	206	235	237	266	
237	207	236	238	267	
238	208	237	239	268	
239	209	238	210	269	
240	210	269	241	270	
241	211	240	242	271	
242	212	241	243	272	
243	213	242	244	273	
244	214	243	245	274	
245	215	244	246	275	
246	216	245	247	276	
247	217	246	248	277	
248	218	247	249	278	
249	219	248	250	279	
250	220	249	251	280	
251	221	250	252	281	
252	222	251	253	282	
253	223	252	254	283	
254	224	253	255	284	
255	225	254	256	285	
256	226	255	257	286	
257	227	256	258	287	
258	228	257	259	288	
259	229	258	260	289	
260	230	259	261	290	
261	231	260	262	291	
262	232	261	263	292	
263	233	262	264	293	
264	234	263	265	294	
265	235	264	266	295	
266	236	265	267	296	
267	237	266	268	297	
268	238	267	269	298	
269	239	268	240	299	
270	240	299	271	300	
271	241	270	272	301	
272	242	271	273	302	
273	243	272	274	303	
274	244	273	275	304	
275	245	274	276	305	
276	246	275	277	306	
277	247	276	278	307	
278	248	277	279	308	
279	249	278	280	309	
280	250	279	281	310	
281	251	280	282	311	
282	252	281	283	312	
283	253	282	284	313	
284	254	283	285	314	
285	255	284	286	315	
286	256	285	287	316	
287	257	286	288	317	
288	258	287	289	318	
289	259	288	290	319	
290	260	289	291	320	
291	261	290	292	321	
292	262	291	293	322	
293	263	292	294	323	
294	264	293	295	324	
295	265	294	296	325	
296	266	295	297	326	
297	267	296	298	327	
298	268	297	299	328	
299	269	298	270	329	
300	270	329	301	330	
301	271	300	302	331	
302	272	301	303	332	
303	273	302	304	333	
304	274	303	305	334	
305	275	304	306	335	
306	276	305	307	336	
307	277	306	308	337	
308	278	307	309	338	
309	279	308	310	339	
310	280	309	311	340	
311	281	310	312	341	
312	282	311	313	342	
313	283	312	314	343	
314	284	313	315	344	
315	285	314	316	345	
316	286	315	317	346	
317	287	316	318	347	
318	288	317	319	348	
319	289	318	320	349	
320	290	319	321	350	
321	291	320	322	351	
322	292	321	323	352	
323	293	322	324	353	
324	294	323	325	354	
325	295	324	326	355	
326	296	325	327	356	
327	297	326	328	357	
328	298	327	329	358	
329	299	328	300	359	
330	300	359	331	360	
331	301	330	332	361	
332	302	331	333	362	
333	303	332	334	363	
334	304	333	335	364	
335	305	334	336	365	
336	306	335	337	366	
337	307	336	338	367	
338	308	337	339	368	
339	309	338	340	369	
340	310	339	341	370	
341	311	340	342	371	
342	312	341	343	372	
343	313	342	344	373	
344	314	343	345	374	
345	315	344	346	375	
346	316	345	347	376	
347	317	346	348	377	
348	318	347	349	378	
349	319	348	350	379	
350	320	349	351	380	
351	321	350	352	381	
352	322	351	353	382	
353	323	352	354	383	
354	324	353	355	384	
355	325	354	356	385	
356	326	355	357	386	
357	327	356	358	387	
358	328	357	359	388	
359	329	358	330	389	
360	330	389	361	390	
361	331	360	362	391	
362	332	361	363	392	
363	333	362	364	393	
364	334	363	365	394	
365	335	364	366	395	
366	336	365	367	396	
367	337	366	368	397	
368	338	367	369	398	
369	339	368	370	399	
370	340	369	371	400	
371	341	370	372	401	
372	342	371	373	402	
373	343	372	374	403	
374	344	373	375	404	
375	345	374	376	405	
376	346	375	377	406	
377	347	376	378	407	
378	348	377	379	408	
379	349	378	380	409	
380	350	379	381	410	
381	351	380	382	411	
382	352	381	383	412	
383	353	382	384	413	
384	354	383	385	414	
385	355	384	386	415	
386	356	385	387	416	
387	357	386	388	417	
388	358	387	389	418	
389	359	388	360	419	
390	360	419	391	420	
391	361	390	392	421	
392	362	391	393	422	
393	363	392	394	423	
394	364	393	395	424	
395	365	394	396	425	
396	366	395	397	426	
397	367	396	398	427	
398	368	397	399	428	
399	369	398	400	429	
400	370	399	401	430	
401	371	400	402	431	
402	372	401	403	432	
403	373	402	404	433	
404	374	403	405	434	
405	375	404	406	435	
406	376	405	407	436	
407	377	406	408	437	
408	378	407	409	438	
409	379	408	410	439	
410	380	409	411	440	
411	381	410	412	441	
412	382	411	413	442	
413	383	412	414	443	
414	384	413	415	444	
415	385	414	416	445	
416	386	415	417	446	
417	387	416	418	447	
418	388	417	419	448	
419	389	418	390	449	
420	390	449	421	450	
421	391	420	422	451	
422	392	421	423	452	
423	393	422	424	453	
424	394	423	425	454	
425	395	424	426	455	
426	396	425	427	456	
427	397	426	428	457	
428	398	427	429	458	
429	399	428	430	459	
430	400	429	431	460	
431	401	430	432	461	
432	402	431	433	462	
433	403	432	434	463	
434	404	433	435	464	
435	405	434	436	465	
436	406	435	437	466	
437	407	436	438	467	
438	408	437	439	468	
439	409	438	440	469	
440	410	439	441	470	
441	411	440	442	471	
442	412	441	443	472	
443	413	442	444	473	
444	414	443	445	474	
445	415	444	446	475	
446	416	445	447	476	
447	417	446	448	477	
448	418	447	449	478	
449	419	448	420	479	
450	420	479	451	480	
451	421	450	452	481	
452	422	451	453	482	
453	423	452	454	483	
454	424	453	455	484	
455	425	454	456	485	
456	426	455	457	486	
457	427	456	458	487	
458	428	457	459	488	
459	429	458	460	489	
460	430	459	461	490	
461	431	460	462	491	
462	432	461	463	492	
463	433	462	464	493	
464	434	463	465	494	
465	435	464	466	495	
466	436	465	467	496	
467	437	466	468	497	
468	438	467	469	498	
469	439	468	470	499	
470	440	469	471	500	
471	441	470	472	501	
472	442	471	473	502	
473	443	472	474	503	
474	444	473	475	504	
475	445	474	476	505	
476	446	475	477	506	
477	447	476	478	507	
478	448	477	479	508	
479	449	478	450	509	
480	450	509	481	510	
481	451	480	482	511	
482	452	481	483	512	
483	453	482	484	513	
484	454	483	485	514	
485	455	484	486	515	
486	456	485	487	516	
487	457	486	488	517	
488	458	487	489	518	
489	459	488	490	519	
490	460	489	491	520	
491	461	490	492	521	
492	462	491	493	522	
493	463	492	494	523	
494	464	493	495	524	
495	465	494	496	525	
496	466	495	497	526	
497	467	496	498	527	
498	468	497	499	528	
499	469	498	500	529	
500	470	499	501	530	
501	471	500	502	531	
502	472	501	503	532	
503	473	502	504	533	
504	474	503	505	534	
505	475	504	506	535	
506	476	505	507	536	
507	477	506	508	537	
508	478	507	509	538	
509	479	508	480	539	
510	480	539	511	540	
511	481	510	512	541	
512	482	511	513	542	
513	483	512	514	543	
514	484	513	515	544	
515	485	514	516	545	
516	486	515	517	546	
517	487	516	518	547	
518	488	517	519	548	
519	489	518	520	549	
520	490	519	521	550	
521	491	520	522	551	
522	492	521	523	552	
523	493	522	524	553	
524	494	523	525	554	
525	495	524	526	555	
526	496	525	527	556	
527	497	526	528	557	
528	498	527	529	558	
529	499	528	530	559	
530	500	529	531	560	
531	501	530	532	561	
532	502	531	533	562	
533	503	532	534	563	
534	504	533	535	564	
535	505	534	536	565	
536	506	535	537	566	
537	507	536	538	567	
538	508	537	539	568	
539	509	538	510	569	
540	510	569	541	570	
541	511	540	542	571	
542	512	541	543	572	
543	513	542	544	573	
544	514	543	545	574	
545	515	544	546	575	
546	516	545	547	576	
547	517	546	548	577	
548	518	547	549	578	
549	519	548	550	579	
550	520	549	551	580	
551	521	550	552	581	
552	522	551	553	582	
553	523	552	554	583	
554	524	553	555	584	
555	525	554	556	585	
556	526	555	557	586	
557	527	556	558	587	
558	528	557	559	588	
559	529	558	560	589	
560	530	559	561	590	
561	531	560	562	591	
562	532	561	563	592	
563	533	562	564	593	
564	534	563	565	594	
565	535	564	566	595	
566	536	565	567	596	
567	537	566	568	597	
568	538	567	569	598	
569	539	568	540	599	
570	540	599	571	600	
571	541	570	572	601	
572	542	571	573	602	
573	543	572	574	603	
574	544	573	575	604	
575	545	574	576	605	
576	546	575	577	606	
577	547	576	578	607	
578	548	577	579	608	
579	549	578	580	609	
580	550	579	581	610	
581	551	580	582	611	
582	552	581	583	612	
583	553	582	584	613	
584	554	583	585	614	
585	555	584	586	615	
586	556	585	587	616	
587	557	586	588	617	
588	558	587	589	618	
589	559	588	590	619	
590	560	589	591	620	
591	561	590	592	621	
592	562	591	593	622	
593	563	592	594	623	
594	564	593	595	624	
595	565	594	596	625	
596	566	595	597	626	
597	567	596	598	627	
598	568	597	599	628	
599	569	598	570	629	
600	570	629	601	630	
601	571	600	602	631	
602	572	601	603	632	
603	573	602	604	633	
604	574	603	605	634	
605	575	604	606	635	
606	576	605	607	636	
607	577	606	608	637	
608	578	607	609	638	
609	579	608	610	639	
610	580	609	611	640	
611	581	610	612	641	
612	582	611	613	642	
613	583	612	614	643	
614	584	613	615	644	
615	585	614	616	645	
616	586	615	617	646	
617	587	616	618	647	
618	588	617	619	648	
619	589	618	620	649	
620	590	619	621	650	
621	591	620	622	651	
622	592	621	623	652	
623	593	622	624	653	
624	594	623	625	654	
625	595	624	626	655	
626	596	625	627	656	
627	597	626	628	657	
628	598	627	629	658	
629	599	628	600	659	
630	600	659	631	660	
631	601	630	632	661	
632	602	631	633	662	
633	603	632	634	663	
634	604	633	635	664	
635	605	634	636	665	
636	606	635	637	666	
637	607	636	638	667	
638	608	637	639	668	
639	609	638	640	669	
640	610	639	641	670	
641	611	640	642	671	
642	612	641	643	672	
643	613	642	644	673	
644	614	643	645	674	
645	615	644	646	675	
646	616	645	647	676	
647	617	646	648	677	
648	618	647	649	678	
649	619	648	650	679	
650	620	649	651	680	
651	621	650	652	681	
652	622	651	653	682	
653	623	652	654	683	
654	624	653	655	684	
655	625	654	656	685	
656	626	655	657	686	
657	627	656	658	687	
658	628	657	659	688	
659	629	658	630	689	
660	630	689	661	690	
661	631	660	662	691	
662	632	661	663	692	
663	633	662	664	693	
664	634	663	665	694	
665	635	664	666	695	
666	636	665	667	696	
667	637	666	668	697	
668	638	667	669	698	
669	639	668	670	699	
670	640	669	671	700	
671	641	670	672	701	
672	642	671	673	702	
673	643	672	674	703	
674	644	673	675	704	
675	645	674	676	705	
676	646	675	677	706	
677	647	676	678	707	
678	648	677	679	708	
679	649	678	680	709	
680	650	679	681	710	
681	651	680	682	711	
682	652	681	683	712	
683	653	682	684	713	
684	654	683	685	714	
685	655	684	686	715	
686	656	685	687	716	
687	657	686	688	717	
688	658	687	689	718	
689	659	688	660	719	
690	660	719	691	720	
691	661	690	692	721	
692	662	691	693	722	
693	663	692	694	723	
694	664	693	695	724	
695	665	694	696	725	
696	666	695	697	726	
697	667	696	698	727	
698	668	697	699	728	
699	669	698	700	729	
700	670	699	701	730	
701	671	700	702	731	
702	672	701	703	732	
703	673	702	704	733	
704	674	703	705	734	
705	675	704	706	735	
706	676	705	707	736	
707	677	706	708	737	
708	678	707	709	738	
709	679	708	710	739	
710	680	709	711	740	
711	681	710	712	741	
712	682	711	713	742	
713	683	712	714	743	
714	684	713	715	744	
715	685	714	716	745	
716	686	715	717	746	
717	687	716	718	747	
718	688	717	719	748	
719	689	718	690	749	
720	690	749	721	750	
721	691	720	722	751	
722	692	721	723	752	
723	693	722	724	753	
724	694	723	725	754	
725	695	724	726	755	
726	696	725	727	756	
727	697	726	728	757	
728	698	727	729	758	
729	699	728	730	759	
730	700	729	731	760	
731	701	730	732	761	
732	702	731	733	762	
733	703	732	734	763	
734	704	733	735	764	
735	705	734	736	765	
736	706	735	737	766	
737	707	736	738	767	
738	708	737	739	768	
739	709	738	740	769	
740	710	739	741	770	
741	711	740	742	771	
742	712	741	743	772	
743	713	742	744	773	
744	714	743	745	774	
745	715	744	746	775	
746	716	745	747	776	
747	717	746	748	777	
748	718	747	749	778	
749	719	748	720	779	
750	720	779	751	780	
751	721	750	752	781	
752	722	751	753	782	
753	723	752	754	783	
754	724	753	755	784	
755	725	754	756	785	
756	726	755	757	786	
757	727	756	758	787	
758	728	757	759	788	
759	729	758	760	789	
760	730	759	761	790	
761	731	760	762	791	
762	732	761	763	792	
763	733	762	764	793	
764	734	763	765	794	
765	735	764	766	795	
766	736	765	767	796	
767	737	766	768	797	
768	738	767	769	798	
769	739	768	770	799	
770	740	769	771	800	
771	741	770	772	801	
772	742	771	773	802	
773	743	772	774	803	
774	744	773	775	804	
775	745	774	776	805	
776	746	775	777	806	
777	747	776	778	807	
778	748	777	779	808	
779	749	778	750	809	
780	750	809	781	810	
781	751	780	782	811	
782	752	781	783	812	
783	753	782	784	813	
784	754	783	785	814	
785	755	784	786	815	
786	756	785	787	816	
787	757	786	788	817	
788	758	787	789	818	
789	759	788	790	819	
790	760	789	791	820	
791	761	790	792	821	
792	762	791	793	822	
793	763	792	794	823	
794	764	793	795	824	
795	765	794	796	825	
796	766	795	797	826	
797	767	796	798	827	
798	768	797	799	828	
799	769	798	800	829	
800	770	799	801	830	
801	771	800	802	831	
802	772	801	803	832	
803	773	802	804	833	
804	774	803	805	834	
805	775	804	806	835	
806	776	805	807	836	
807	777	806	808	837	
808	778	807	809	838	
809	779	808	780	839	
810	780	839	811	840	
811	781	810	812	841	
812	782	811	813	842	
813	783	812	814	843	
814	784	813	815	844	
815	785	814	816	845	
816	786	815	817	846	
817	787	816	818	847	
818	788	817	819	848	
819	789	818	820	849	
820	790	819	821	850	
821	791	820	822	851	
822	792	821	823	852	
823	793	822	824	853	
824	794	823	825	854	
825	795	824	826	855	
826	796	825	827	856	
827	797	826	828	857	
828	798	827	829	858	
829	799	828	830	859	
830	800	829	831	860	
831	801	830	832	861	
832	802	831	833	862	
833	803	832	834	863	
834	804	833	835	864	
835	805	834	836	865	
836	806	835	837	866	
837	807	836	838	867	
838	808	837	839	868	
839	809	838	810	869	
840	810	869	841	870	
841	811	840	842	871	
842	812	841	843	872	
843	813	842	844	873	
844	814	843	845	874	
845	815	844	846	875	
846	816	845	847	876	
847	817	846	848	877	
848	818	847	849	878	
849	819	848	850	879	
850	820	849	851	880	
851	821	850	852	881	
852	822	851	853	882	
853	823	852	854	883	
854	824	853	855	884	
855	825	854	856	885	
856	826	855	857	886	
857	827	856	858	887	
858	828	857	859	888	
859	829	858	860	889	
860	830	859	861	890	
861	831	860	862	891	
862	832	861	863	892	
863	833	862	864	893	
864	834	863	865	894	
865	835	864	866	895	
866	836	865	867	896	
867	837	866	868	897	
868	838	867	869	898	
869	839	868	840	899	
870	840	899	871	0	
871	841	870	872	1	
872	842	871	873	2	
873	843	872	874	3	
874	844	873	875	4	
875	845	874	876	5	
876	846	875	877	6	
877	847	876	878	7	
878	848	877	879	8	
879	849	878	880	9	
880	850	879	881	10	
881	851	880	882	11	
882	852	881	883	12	
883	853	882	884	13	
884	854	883	885	14	
885	855	884	886	15	
886	856	885	887	16	
887	857	886	888	17	
888	858	887	889	18	
889	859	888	890	19	
890	860	889	891	20	
891	861	890	892	21	
892	862	891	893	22	
893	863	892	894	23	
894	864	893	895	24	
895	865	894	896	25	
896	866	895	897	26	
897	867	896	898	27	
898	868	897	899	28	
899	869	898	870	29	
