1	1.00000000	0.0000000
100	0.93838889	0.0010904
200	0.91598889	0.0024715
300	0.88443333	0.0042850
400	0.84395556	0.0401660
500	0.80392222	0.0572715
1000	0.50472222	0.1716413
1500	0.27235556	0.1519067
2000	0.19095556	0.1256990
2500	0.15980000	0.1036227
3000	0.08404444	0.0565774
3500	0.12823333	0.0872881
4000	0.05531111	0.0373949
4500	0.03876667	0.0253046
5000	0.02273333	0.0130403
5500	0.06098889	0.0438636
6000	0.00696667	0.0000111
6500	0.00781111	0.0000479
7000	0.01585556	0.0075509
7500	0.01438889	0.0061761
8000	0.02475556	0.0136428
