1	1.00000000	0.0000000
100	0.92741111	0.0014008
200	0.89576667	0.0034931
300	0.85152222	0.0205407
400	0.73711111	0.0929963
500	0.76146667	0.0777181
1000	0.41740000	0.1772913
1500	0.20125556	0.1303406
2000	0.12865556	0.0846177
2500	0.07558889	0.0557544
3000	0.05307778	0.0313211
3500	0.06500000	0.0433078
4000	0.04034444	0.0216824
4500	0.02377778	0.0145438
5000	0.01345556	0.0050627
5500	0.00658889	0.0000019
6000	0.02656667	0.0168223
6500	0.00672222	0.0000026
7000	0.00653333	0.0000016
7500	0.01976667	0.0087189
8000	0.00686667	0.0000203
