1	1.00000000	0.0000000
100	0.93816667	0.0009958
200	0.89566667	0.0039735
300	0.88908889	0.0039791
400	0.87720000	0.0065625
500	0.81212222	0.0560733
1000	0.41735556	0.1766490
1500	0.29378889	0.1590046
2000	0.17902222	0.1044017
2500	0.11861111	0.0762145
3000	0.08030000	0.0563967
3500	0.09244444	0.0658150
4000	0.02516667	0.0152627
4500	0.03803333	0.0240767
5000	0.01605556	0.0078445
5500	0.03864444	0.0245313
6000	0.04235556	0.0278342
6500	0.02590000	0.0141367
7000	0.01518889	0.0059703
7500	0.01536667	0.0067503
8000	0.03466667	0.0246609
